31.968, -9.056, 36.297
30.374, -7.85, 34.813
28.999, -6.404, 33.266
27.92, -4.728, 31.644
27.214, -2.863, 30.3
26.929, -0.888, 30.963
26.961, 1.109, 32.757
27.257, 3.085, 35.144
27.765, 5.019, 37.695
28.412, 6.91, 40.153
29.163, 8.763, 42.41
29.994, 10.582, 44.412
30.884, 12.373, 46.136
31.819, 14.141, 47.576
32.786, 15.892, 48.732
33.775, 17.63, 49.606
34.777, 19.361, 50.141
35.786, 21.088, 49.077
36.794, 22.815, 47.989
37.794, 24.547, 46.876
38.777, 26.289, 45.735
39.736, 28.044, 44.566
40.66, 29.818, 43.365
41.536, 31.616, 42.13
42.349, 33.443, 40.857
43.078, 35.305, 39.544
43.697, 37.206, 38.186
44.171, 39.148, 36.778
44.459, 41.125, 35.315
44.508, 43.122, 33.789
44.23, 45.098, 32.35
43.583, 46.985, 32.211
42.597, 48.719, 33.628
41.31, 50.246, 34.671
39.779, 51.53, 33.115
38.107, 52.627, 31.48
36.248, 53.343, 29.762
34.332, 53.917, 32.945
32.399, 54.431, 34.838
30.454, 54.897, 36.556
28.499, 55.318, 38.113
26.536, 55.7, 39.523
24.566, 56.046, 40.796
22.591, 56.36, 41.941
20.611, 56.643, 42.967
18.628, 56.898, 43.881
16.641, 57.126, 44.689
14.651, 57.33, 45.395
12.659, 57.51, 46.004
10.665, 57.664, 46.511
8.67, 57.796, 46.923
6.673, 57.906, 47.245
4.675, 57.995, 47.48
2.676, 58.064, 47.628
0.677, 58.111, 47.691
-1.323, 58.138, 47.668
-3.323, 58.144, 47.558
-5.323, 58.129, 47.361
-7.323, 58.09, 47.064
-9.322, 58.029, 46.675
-11.32, 57.945, 46.194
-13.317, 57.838, 45.147
-15.313, 57.706, 43.962
-17.306, 57.549, 42.744
-19.298, 57.363, 41.49
-21.286, 57.149, 40.197
-23.271, 56.902, 38.862
-25.251, 56.621, 37.479
-27.225, 56.302, 36.042
-29.192, 55.94, 34.546
-31.149, 55.53, 32.983
-33.095, 55.066, 31.341
-35.024, 54.539, 29.609
-36.927, 53.925, 27.768
-38.799, 53.221, 25.797
-40.597, 52.351, 24.983
-42.291, 51.294, 30.413
-43.806, 49.997, 28.629
-44.987, 48.394, 26.731
-45.67, 46.525, 24.687
-45.793, 44.54, 25.212
-45.446, 42.575, 27.853
-44.797, 40.686, 31.229
-43.917, 38.89, 34.663
-42.906, 37.165, 37.846
-41.804, 35.497, 40.688
-40.637, 33.873, 43.168
-39.424, 32.283, 45.289
-38.179, 30.718, 47.069
-36.912, 29.17, 48.524
-35.631, 27.634, 49.672
-34.344, 26.104, 50.519
-33.057, 24.573, 51.045
-31.776, 23.037, 50.836
-30.508, 21.49, 49.786
-29.259, 19.928, 48.714
-28.035, 18.346, 47.618
-26.845, 16.739, 46.496
-25.698, 15.101, 45.346
-24.607, 13.425, 44.167
-23.588, 11.704, 42.955
-22.663, 9.932, 41.708
-21.859, 8.101, 40.423
-21.211, 6.211, 39.095
-20.764, 4.264, 37.722
-20.565, 2.277, 36.298
-20.66, 0.284, 35.554
-21.077, -1.668, 35.917
-21.817, -3.523, 37.596
-22.849, -5.235, 39.607
-24.109, -6.788, 38.251
-25.547, -8.177, 36.844
-26.348, -9.789, 35.531
-26.282, -11.788, 50.235
-26.301, -13.787, 49.173
-26.415, -15.784, 48.087
-26.63, -17.772, 46.976
-26.955, -19.746, 45.839
-27.395, -21.696, 44.672
-27.951, -23.617, 43.474
-28.622, -25.5, 42.243
-29.407, -27.339, 40.974
-30.298, -29.129, 39.665
-31.302, -30.859, 38.311
-32.387, -32.539, 36.907
-33.545, -34.169, 35.448
-34.757, -35.76, 33.926
-35.998, -37.328, 32.332
-37.241, -38.895, 30.655
-38.446, -40.491, 28.882
-39.562, -42.15, 26.993
-40.511, -43.908, 25.082
-41.189, -45.785, 24.036
-41.494, -47.757, 24.635
-41.387, -49.748, 27.271
-40.926, -51.692, 31.586
-40.173, -53.543, 37.024
-39.243, -55.312, 42.93
-38.171, -57, 45.796
-36.997, -58.619, 44.628
-35.755, -60.186, 43.429
-33.954, -60.545, 42.298
-31.956, -60.457, 41.03
-29.958, -60.368, 39.723
-27.96, -60.276, 38.37
-25.962, -60.182, 36.969
-23.964, -60.086, 35.512
-21.967, -59.988, 33.992
-19.969, -59.888, 32.402
-17.972, -59.785, 30.729
-15.975, -59.68, 28.96
-13.978, -59.575, 27.076
-11.98, -59.469, 25.05
-9.983, -59.365, 22.845
-7.985, -59.268, 20.403
-5.987, -59.184, 17.928
-3.988, -59.119, 16.779
-1.989, -59.079, 17.123
0.011, -59.064, 18.838
2.011, -59.07, 21.599
4.011, -59.093, 25.097
6.011, -59.126, 29.023
8.01, -59.167, 33.217
10.01, -59.213, 37.542
12.009, -59.263, 41.933
14.009, -59.315, 45.917
16.008, -59.369, 44.752
18.007, -59.424, 43.556
20.006, -59.479, 42.327
22.006, -59.535, 41.06
24.005, -59.59, 39.753
26.004, -59.646, 38.402
28.003, -59.702, 37.002
30.002, -59.758, 35.546
32.002, -59.814, 34.028
34.001, -59.869, 32.44
36, -59.924, 30.769
36.545, -58.046, 42.434
36.985, -56.096, 41.171
37.356, -54.131, 39.868
37.643, -52.152, 38.521
37.828, -50.16, 37.125
37.905, -48.162, 35.675
37.854, -46.163, 34.163
37.663, -44.173, 32.582
37.334, -42.201, 31.398
36.865, -40.258, 30.784
36.263, -38.351, 30.738
35.543, -36.485, 31.207
34.73, -34.658, 32.093
33.843, -32.866, 33.313
32.898, -31.103, 34.806
31.914, -29.362, 34.049
30.905, -27.635, 32.461
29.881, -25.917, 30.792
28.852, -24.202, 29.027
27.825, -22.486, 27.147
26.806, -20.765, 25.126
25.799, -19.037, 22.929
24.807, -17.301, 20.497
23.834, -15.553, 17.735
22.881, -13.795, 14.455
21.95, -12.025, 10.166
21.057, -10.283, 0
21.057, -10.283, 0
11.936, 7.516, 0
endData
26.4
92
200
31.968, -9.056, 11.238, 4.31, 62.244, 39.496, 37.696, 52.861
37.696, 52.861, 18.01, 59.767, -23.63, 60.043, -39.624, 52.873
-39.624, 52.873, -65.271, 40.74, -1.569, 10.957, -26.388, -8.898
-26.388, -8.898, -24.182, -41.162, -53.952, -38.65, -35.404, -60.608
-35.404, -60.608, 6.055, -58.835, -13.584, -58.562, 36.059, -59.926
36.059, -59.926, 42.06, -38.105, 32.513, -33.059, 21.057, -10.283
#PATH.JERRYIO-DATA {"appVersion":"0.5.1","format":"LemLib v0.4.x (inch, byte-voltage)","gc":{"robotWidth":12,"robotHeight":12,"robotIsHolonomic":false,"showRobot":false,"uol":2.54,"pointDensity":2,"controlMagnetDistance":1.968503937007874,"fieldImage":{"displayName":"VRC 2024 - Over Under","signature":"VRC 2024 - Over Under","origin":{"__type":"built-in"}}},"paths":[{"segments":[{"controls":[{"uid":"ZsmMwWJFhu","x":31.968,"y":-9.05568096313017,"lock":false,"visible":true,"heading":0,"__type":"end-point"},{"uid":"N4CBFy3Xwu","x":11.23777276147479,"y":4.309631301730628,"lock":false,"visible":true,"__type":"control"},{"uid":"Di7DFh854O","x":62.24416854778028,"y":39.495861550037624,"lock":false,"visible":true,"__type":"control"},{"uid":"IP5kKX1IzM","x":37.6956358164033,"y":52.86117381489842,"lock":false,"visible":true,"heading":0,"__type":"end-point"}],"speedProfiles":[],"lookaheadKeyframes":[],"uid":"naa6GtVKDZ"},{"controls":[{"uid":"IP5kKX1IzM","x":37.6956358164033,"y":52.86117381489842,"lock":false,"visible":true,"heading":0,"__type":"end-point"},{"uid":"UMJ74FE29O","x":18.010295431910595,"y":59.76729759727262,"lock":false,"visible":true,"__type":"control"},{"uid":"cuWOCBLohF","x":-23.63013980648699,"y":60.043062069050094,"lock":false,"visible":true,"__type":"control"},{"uid":"XCkvrLun1g","x":-39.6244791695801,"y":52.87318580283594,"lock":false,"visible":true,"heading":0,"__type":"end-point"}],"speedProfiles":[],"lookaheadKeyframes":[],"uid":"rODiPVeAT8"},{"controls":[{"uid":"XCkvrLun1g","x":-39.6244791695801,"y":52.87318580283594,"lock":false,"visible":true,"heading":0,"__type":"end-point"},{"uid":"oimd4zPWpI","x":-65.27057504488457,"y":40.73954904462737,"lock":false,"visible":true,"__type":"control"},{"uid":"QJOCUT0HBN","x":-1.5689820642896022,"y":10.956986092660904,"lock":false,"visible":true,"__type":"control"},{"uid":"STr9ueX23d","x":-26.387784524261665,"y":-8.898055875316757,"lock":false,"visible":true,"heading":0,"__type":"end-point"}],"speedProfiles":[],"lookaheadKeyframes":[],"uid":"r7IE3XoYei"},{"controls":[{"uid":"STr9ueX23d","x":-26.387784524261665,"y":-8.898055875316757,"lock":false,"visible":true,"heading":0,"__type":"end-point"},{"uid":"YbNjzzGINg","x":-24.181668750041922,"y":-41.162499073280436,"lock":false,"visible":true,"__type":"control"},{"uid":"csNbDGw2rj","x":-53.95221971407073,"y":-38.650300978179075,"lock":false,"visible":true,"__type":"control"},{"uid":"J5QIKF6oZ6","x":-35.404439428141465,"y":-60.60759969902182,"lock":false,"visible":true,"heading":0,"__type":"end-point"}],"speedProfiles":[],"lookaheadKeyframes":[],"uid":"LoejHgzcfA"},{"controls":[{"uid":"J5QIKF6oZ6","x":-35.404439428141465,"y":-60.60759969902182,"lock":false,"visible":true,"heading":0,"__type":"end-point"},{"uid":"nAqZfUHp6s","x":6.055304740406317,"y":-58.83465011286681,"lock":false,"visible":true,"__type":"control"},{"uid":"xTJpgLpztU","x":-13.583521444695263,"y":-58.56188863807373,"lock":false,"visible":true,"__type":"control"},{"uid":"lRtiQyaf7S","x":36.05906696764484,"y":-59.925696012039126,"lock":false,"visible":true,"heading":0,"__type":"end-point"}],"speedProfiles":[],"lookaheadKeyframes":[],"uid":"jhsrJdlwmy"},{"controls":[{"uid":"lRtiQyaf7S","x":36.05906696764484,"y":-59.925696012039126,"lock":false,"visible":true,"heading":0,"__type":"end-point"},{"uid":"3BQj9Av61W","x":42.05981941309255,"y":-38.104778028592925,"lock":false,"visible":true,"__type":"control"},{"uid":"5ntWbuNDUT","x":32.51316779533484,"y":-33.05869074492099,"lock":false,"visible":true,"__type":"control"},{"uid":"rr5onsxqeG","x":21.05718585402558,"y":-10.283107599699019,"lock":false,"visible":true,"heading":0,"__type":"end-point"}],"speedProfiles":[],"lookaheadKeyframes":[],"uid":"Q0cPMR5G2U"}],"pc":{"speedLimit":{"minLimit":{"value":0,"label":"0"},"maxLimit":{"value":127,"label":"127"},"step":1,"from":0,"to":92},"bentRateApplicableRange":{"minLimit":{"value":0,"label":"0"},"maxLimit":{"value":4,"label":"4"},"step":0.01,"from":0.43,"to":4},"maxDecelerationRate":26.4},"name":"Path","uid":"nKOwOwhyJB","lock":false,"visible":true}]}